%YAML:1.0
---
image_width: 1920
image_height: 1080
pattern_cols: 9
pattern_rows: 6
square_mm: 25.
rms: 1.4920191357216168e+00
reprojection_rmse: 1.4920194377831184e+00
camera_matrix: !!opencv-matrix
   rows: 3
   cols: 3
   dt: d
   data: [ 1.3885836035914599e+03, 0., 9.3123869450509471e+02, 0.,
       1.3842278881788211e+03, 5.4501058484908594e+02, 0., 0., 1. ]
dist_coeffs: !!opencv-matrix
   rows: 1
   cols: 5
   dt: d
   data: [ 5.0559593379193801e-02, -3.0592316518916246e-01,
       7.4835916044619834e-03, -3.3140823357085611e-03,
       2.8804667488767460e-01 ]
