%YAML:1.0
---
rotation_matrix: !!opencv-matrix
   rows: 3
   cols: 3
   dt: d
   data: [ 0.97195345017705015, -0.18263262421508886,
       -0.14816144998358671, -0.23089598762236435, -0.86068925873081759,
       -0.45376320124629854, -0.04464900434300538, 0.47524659333624475,
       -0.87871903469395285 ]
translation: !!opencv-matrix
   rows: 3
   cols: 1
   dt: d
   data: [ -0.016602887703505237, 0.135029365732803, 0.43468988428338612 ]
timestamp: 1773802680.3622181
marker_id: 5
